%YAML:1.0 
 --- 
K1: !!opencv-matrix 
   rows: 3 
   cols: 3 
   dt: d 
   data: [ 969.514395, 0.809976, 655.896650, 
           0.000000, 968.154965, 352.157631, 
           0.000000, 0.000000, 1.000000] 
K2: !!opencv-matrix 
   rows: 3 
   cols: 3 
   dt: d 
   data: [ 968.300809, 0.577497, 625.930860, 
           0.000000, 967.212696, 374.192453, 
           0.000000, 0.000000, 1.000000] 
D1: !!opencv-matrix 
   rows: 1 
   cols: 4 
   dt: d 
   data: [ -0.408084, 0.179269, 0.000059, -0.000281 ] 
D2: !!opencv-matrix 
   rows: 1 
   cols: 4 
   dt: d 
   data: [ -0.407354, 0.176349, -0.000065, -0.000304 ] 
R: !!opencv-matrix 
   rows: 3 
   cols: 3 
   dt: d 
   data: [ 0.999976, -0.000651, 0.006939, 
           0.000670, 0.999996, -0.002756, 
           -0.006937, 0.002760, 0.999972] 
T: [ -59.667580, 0.026625, 0.489694 ] 
Left: !!opencv-matrix 
   rows: 3 
   cols: 4 
   dt: d 
   data: [ 964.941594, 1.989430, 662.603197, -57527.366978, 
           -1.794151, 969.123147, 349.479813, 198.226309, 
           -0.006937, 0.002760, 0.999972, 0.489694] 
